1 76.478
1 75.889
1 75.7401
1 75.9008
1 75.9421
1 75.4301
1 76.5138
1 76.1485
1 76.1599
1 76.4634
1 75.9266
1 76.0187
1 76.5996
1 76.5553
1 76.7079
1 76.5354
1 76.3081
1 74.834
1 76.9334
1 76.9654
1 76.3575
1 76.3816
1 74.7939
1 74.3963
1 77.3562
1 76.7324
1 76.3849
1 74.8204
1 74.2467
1 73.7172
2 74.213
2 74.2184
2 75.1462
2 75.4057
2 75.551
2 75.3498
2 75.234
2 75.2855
2 75.7899
2 75.8154
2 75.8453
2 75.889
2 76.0269
2 76.1206
2 76.1255
2 76.127
2 76.4782
2 76.5214
2 76.5592
2 76.593
2 74.2096
2 74.2105
2 75.2146
2 75.5199
2 75.607
2 75.4631
2 75.5463
2 75.5297
2 75.7078
2 75.7156
2 75.7303
2 75.7401
2 75.8223
2 75.8271
2 75.8624
2 75.8242
2 76.0777
2 76.3458
2 76.4114
2 77.34
2 79.807
2 79.7728
2 79.7786
2 79.8237
2 -1.0
2 -1.0
2 74.2364
2 74.1119
2 75.1961
2 75.3791
2 75.2798
2 75.272
2 75.4862
2 75.6244
2 75.7821
2 75.7081
2 75.747
2 75.9008
2 76.4069
2 77.0084
2 77.3822
2 77.8922
2 78.0713
2 78.4509
2 78.7857
2 79.4417
2 84.8066
2 84.8066
2 84.8241
2 84.828
2 84.8436
2 84.828
2 74.2814
2 74.0772
2 74.7939
2 75.0482
2 74.9326
2 75.1329
2 75.0905
2 75.0867
2 75.6377
2 75.5722
2 75.5914
2 75.9421
2 76.9901
2 77.7144
2 78.0111
2 78.9705
2 79.4367
2 79.9299
2 80.9894
2 81.5828
2 86.191
2 86.1755
2 86.0908
2 86.1563
2 86.1447
2 86.1678
3 75.7502
3 75.8821
3 75.8885
3 75.8826
3 75.8919
3 75.8865
3 75.889
3 75.888
3 75.9508
3 76.0014
3 75.8213
3 75.5088
3 75.1192
3 75.8983
3 75.7737
3 75.8861
3 75.8949
3 75.8983
3 75.8983
3 75.8983
3 75.8983
3 75.4376
3 75.756
3 75.7742
3 75.7688
3 75.7688
3 75.8046
3 75.7026
3 75.759
3 75.7879
3 75.7948
3 75.7938
3 75.7953
3 75.7948
3 75.7688
3 75.7693
3 75.9047
3 75.9081
3 75.9091
3 75.9091
3 75.9091
3 75.9091
3 75.8566
3 76.1559
3 76.1628
3 76.1544
3 76.1544
3 76.1544
3 76.1544
3 75.1207
3 76.0985
3 76.1677
3 76.1745
3 76.1721
3 76.1755
3 75.3155
3 75.2177
3 75.9421
3 75.9151
3 75.9035
3 75.9652
3 75.9459
3 75.9421
3 75.9613
3 75.7879
3 77.1211
3 75.5799
3 66.8529
3 74.9595
3 75.9266
3 75.2293
3 75.8534
3 75.9421
3 75.9266
3 75.9189
3 75.9189
3 75.9189
3 75.2678
3 75.3448
3 75.3603
3 75.368
3 75.3487
3 76.4391
3 75.21
3 75.7995
3 75.5298
3 75.4026
3 75.4527
3 75.4566
3 75.4065
3 75.4026
3 74.9403
3 75.9536
3 75.9998
3 76.0153
3 76.0114
3 76.0114
3 76.0114
3 74.1042
3 76.0885
3 76.6125
3 76.5971
3 76.5855
3 76.5855
3 76.5855
3 73.6341
3 75.5606
3 76.2657
3 76.4237
3 76.4468
3 76.4391
3 75.707
4 76.462
4 76.462
4 74.2078
4 75.0487
4 74.2174
4 73.0124
4 74.223
4 79.0623
4 -1.0
4 75.1059
4 -1.0
4 74.2053
4 74.7141
4 76.1483
4 -1.0
4 -1.0
4 -1.0
4 -1.0
4 75.8983
4 75.8983
4 74.1841
4 74.4696
4 74.0541
4 71.5819
4 74.1139
4 82.035
4 81.5768
4 77.6513
4 -1.0
4 74.1738
4 74.6924
4 75.9155
4 -1.0
4 -1.0
4 -1.0
4 -1.0
4 75.7645
4 75.7645
4 74.1636
4 74.5325
4 74.1137
4 70.3158
4 73.5705
4 84.9358
4 83.6871
4 79.4704
4 88.0212
4 74.1254
4 74.6636
4 76.746
4 88.2306
4 88.9558
4 89.0213
4 88.9176
4 75.9222
4 75.9222
4 74.1995
4 74.6043
4 74.2384
4 69.3037
4 71.1043
4 86.2335
4 84.2518
4 78.9083
4 88.9607
4 74.1956
4 74.6277
4 78.8441
4 88.9607
4 89.5252
4 89.459
4 89.57
4 75.9266
4 75.9266
4 74.2352
4 74.4355
4 74.2814
4 68.9605
4 64.8339
4 85.2971
4 83.5632
4 77.1365
4 87.7938
4 74.239
4 74.5704
4 80.5078
4 88.2176
4 88.1675
4 88.1213
4 88.1675
5 80.7537
5 86.0816
5 74.2637
5 74.2637
5 74.2637
5 74.2637
5 74.2637
5 74.2637
5 74.2637
5 74.2637
5 74.2637
5 74.2637
5 74.2637
5 77.3238
5 83.9326
5 85.5891
5 74.2637
5 77.3238
5 83.9326
5 85.5872
5 86.3483
5 87.0919
5 85.593
5 86.3503
5 87.09
6 90.1793
6 90.1773
6 90.1676
6 89.9846
6 74.2637
6 74.2637
6 74.2637
6 87.8667
6 87.8628
6 87.8317
6 88.5149
6 74.2637
6 74.2637
6 74.2637
6 65.644
6 65.7725
6 66.9269
6 73.7615
6 74.2637
6 74.2637
6 74.2637
6 74.2637
6 74.2637
6 74.2637
6 74.2637
6 74.2637
6 74.2637
6 74.2637
6 74.2637
6 74.2637
6 74.2637
6 74.2637
6 74.2637
6 74.2637
6 74.2637
6 74.2637
6 74.2637
6 74.2637
6 74.2637
6 74.2637
6 74.2637
6 74.2637
6 74.2637
6 74.2637
6 74.2637
6 74.2637
6 74.2637
6 74.2637
6 74.2637
7 74.2637
7 80.6214
7 89.7783
7 90.261
7 90.2922
7 90.5277
7 90.9482
7 79.4086
7 89.7822
7 90.335
7 90.6212
7 91.1253
7 91.7015
7 88.0964
7 90.3389
7 91.1623
7 92.1493
7 92.122
7 91.6918
7 81.7485
7 86.5274
7 89.0619
7 74.2637
7 74.2637
7 74.2637
8 90.0197
8 90.0197
8 90.0197
8 90.0197
8 90.0197
8 90.0255
8 90.0352
8 90.0216
8 90.0274
8 89.971
9 75.5115
9 81.2521
9 -1.0
10 87.4423
10 87.2866
10 87.5922
10 87.4715
10 87.4423
10 87.4423
10 88.6726
10 87.7869
10 87.2963
10 87.2749
10 87.2749
10 87.6448
10 87.7324
10 87.9757
10 87.5922
10 88.073
10 87.9504
11 91.3044
11 88.9004
11 90.0313
11 90.3233
11 90.5939
11 90.956
11 90.9735
11 91.2246
11 91.1798
11 91.4446
11 85.3711
11 83.9715
11 89.0249
11 88.9296
11 90.2026
11 90.7555
11 91.3044
11 91.6159
11 91.9682
12 88.2463
12 87.9348
12 85.5035
12 87.818
12 89.3695
12 88.8536
12 89.969
12 88.3378
12 88.5889
12 90.4051
12 89.8561
12 88.7874
12 90.1734
12 90.6582
12 88.2463
12 89.5661
12 75.9962
12 86.981
12 90.6562
12 91.0416
12 90.263
12 89.8931
12 90.5102
12 89.9145
