1 74.213 74.2096 74.2364 74.2814
2 74.2184 74.2105 74.1119 74.0772
3 75.1462 75.2146 75.1961 74.7939
4 75.4057 75.5199 75.3791 75.0482
5 75.551 75.607 75.2798 74.9326
6 75.3498 75.4631 75.272 75.1329
7 75.234 75.5463 75.4862 75.0905
8 75.2855 75.5297 75.6244 75.0867
9 75.7899 75.7078 75.7821 75.6377
10 75.8154 75.7156 75.7081 75.5722
11 75.8453 75.7303 75.747 75.5914
13 75.889 75.7401 75.9008 75.9421
15 76.0269 75.8223 76.4069 76.9901
17 76.1206 75.8271 77.0084 77.7144
19 76.1255 75.8624 77.3822 78.0111
21 76.127 75.8242 77.8922 78.9705
25 76.4782 76.0777 78.0713 79.4367
30 76.5214 76.3458 78.4509 79.9299
35 76.5592 76.4114 78.7857 80.9894
40 76.593 77.34 79.4417 81.5828
50 ? 79.807 84.8066 86.191
60 ? 79.7728 84.8066 86.1755
70 ? 79.7786 84.8241 86.0908
80 ? 79.8237 84.828 86.1563
90 ? ? 84.8436 86.1447
100 ? ? 84.828 86.1678
